Face           Lip point      Nose point     Eyes point     Forehead point
:-)            912960600      664057296      359502898      570081900
(';')          795076912      148266184      26520696       276035336
(=^..^=)       617337585      268394132      749688014      308189423
:)             882230544      743986811      680735251      42247720
:-]            817458591      947352840      997873212      692748261
:]             313474193      583310686      984529123      786954701
:-3            409070731      907370526      295181554      29707008
:3             956980027      759410877      385149450      574305505
:->            671924524      352291109      81890951       682161431
:>             317124712      952765134      435625154      344782634
:-*            801409465      332061447      75290634       185412845
:*             123340176      327566891      586575630      486590575
(>_<)          32048684       936219798      446692561      965141920
(>_<)>         318303516      463323742      323434561      844238747
(';')          26946318       714974338      213802079      153053950
(^_^;)         123026938      428113435      585484352      297214961
(-_-;)         633255356      288082014      140821839      466710382
(~_~;)         941959358      36015986       864642495      408248580
(...;)         657464208      921724848      818732803      86695038
(._.;)         257049860      939506134      638115078      796488271
^_^;           756765297      865098141      917973476      797189005
(#^.^#)        823521232      938970640      521669631      87941780
(^^;)          309243588      664819757      475298578      299263062
(-_-)zzz       853574911      766919682      802970024      884956111
(^_-)          50481270       489643489      832726998      789272051
((+_+))        868989731      340793915      254798303      94359713
(+o+)          256628652      721370836      627117016      795251141
^_^            951830966      801155762      377525470      27086438
(^_^)/         89117190       794691565      606280042      639204992
(=_=)          332963923      603512960      845947851      383821324
(?_?)          105667707      246907454      621962240      245474009
(^_^)          495290242      748260443      799483550      463289998
(~o~)          618165965      307559838      56772334       628263690
(~_~)          249783159      322300038      526659127      943131230
o.O            626340552      715110890      677115232      718822160
(o.o)          765819085      505135058      396284313      239847414
oO             312194028      332309236      173254076      560220447
<_<            399319121      536339857      433242730      639293796
>_>            7101367        280750751      507333300      352300621
<o?o>          729842386      740414769      313275354      807623021
(>^.^)         52873690       377915627      356869670      773276324
(^.^<)         713591932      545808122      398155528      532916859
>,<            413260756      543215474      810168446      214366000
;-(            531437139      364734114      231454018      32714587
>:-(           920226604      545629346      923833474      906526319
@(-_-)@        506914681      363521527      401607307      630105533
@(^_^)@        927308660      314895114      683630597      170467981
~O-O~          785436363      642706841      326423688      383306124
:)]            976039798      175462858      759404495      420517205
.-]            96843911       766358856      598864393      887517708
.-)            516677383      613260503      983113375      141873082
,-)            227905482      876087941      875301999      487989289
':-(           332149969      387063473      985198327      386696546
'-)            391361698      354402031      667339923      741319039
:-D            926765570      548104831      655865009      32892585
:=)            508647800      346261700      905707817      26900501
:@             630368463      110207539      515718874      675010370
<:-P           381289683      113044377      654370600      685504194
:)>-           226136451      801417629      85142143       583473603
:^)            187843498      822218500      857157072      920501129
3:]            690998594      649639693      138829746      133518266
(o^-^o)        931259062      863084579      554838554      753436203
:-<            281603017      676870542      310855101      55495819
:-[            137087638      118772412      560646431      195849068
=:-)           248343953      369813453      302066517      850295138
:-))           970452121      985859388      385546017      916223597
<(-_-)>        109588020      814167798      326063058      564778039
9_9            943515799      345800452      204965254      318790792
=))            713987456      636950280      501505741      501159258
7:)            454726474      427649762      227312585      127842026
(<_>)          212429999      422020051      860394114      35306332
:-(            345656800      997385747      387010182      79901438
/:-)           998593662      98864751       393466339      594521794
(-_-)          147786118      397017861      627333918      29096096
:-*            748267365      392242701      409754091      652089569
::=))          344591611      880667541      90549590       172920183
o_o            960438130      874164472      381805061      438481414
(*^_^*)        478772615      302663823      852777339      700212437
(-::-)         907689697      3400975        585293761      532073222
(^o^)          487691136      190251917      471798382      667538437
:o)            590426926      317809166      161912900      279593908
:|)            240000562      552450915      30542104       512826217
:)             519237949      604625766      73747214       354908265
:-)            888800873      291848670      430619262      255253696
+:-)           538095705      10938113       415014008      785799684
(:-)           619172630      370019706      206229738      445487252
{:-)           939440107      400894509      192362982      198003793
^&^            739941989      441560762      145315572      506372896
=.=            604407893      786045884      563569723      258582898
*~*            876737843      149466189      806274066      684785736
(:>-<          121739915      765412146      413302538      372962946
:-)---         828435901      561764048      264955810      458293704
*-)            959784488      733443698      237945705      329481609
>:*            729122519      443234807      455349814      331645000
>.<            115788919      67289025       39198020       336693851
:-@            713220935      451206917      235676186      996535884
(:)-)          536741677      574269315      956931370      314881233
::-)           736295337      188373526      495666825      938403048
:-@            703639616      750245606      458390180      448866915
@,.,@          867408689      756837018      135473841      43896141
:-E            67288351       890157399      755777827      876926465
:-[            809453876      865846927      279761567      324936758
:-))           614843797      924924302      320669142      543010121
:-[]           843400574      442800999      704695921      536297360
:-)))          805431308      868963679      592828706      156047221
(:-            517675928      180892712      681224349      645205734
$_$            920790707      106971262      564877450      369096515
(^:^)          406061579      940858613      227407168      242099767
|___|          569783452      65755619       519999057      378017340
:-)            536533869      72609028       452166238      785295946
>O<            726068841      488280243      974257878      877926052
:=)            222599929      5361871        425993010      214740282
-:-)           869868545      892060112      815459182      583048228
|:-)           71017587       874026491      530648275      461493718
<(^.^<)        371355446      994872489      16655097       337393876
<(*.*<)        814058220      912282198      287971113      945406117
(*_*)          265792967      612864726      800445843      760585275
._.            198199967      105965678      191708124      258119049
@:-)           43704830       891510914      839758352      378931274
<('.')>        170179311      486707914      211509269      148695092
<('.'<)        996573011      861873939      932185761      145945399
<(^.^)>        698303008      437949516      403952029      775529516
<('.'<)        235260439      408295076      861090756      917368052
:-*            109876642      644554878      396799741      745965998
(:-*           762498160      221570444      300674407      349217341
=^.^=          861911948      260489840      155102385      801053049
<{::}>         681774353      120216245      502886494      156982816
:-D            166814935      324401725      564814411      939126313
:))            596627740      123674986      719795149      654825869
:.-)           226019094      653182805      303635836      155542267
(-:            858577228      626463898      453132193      371204638
>;->           916197271      375787092      903826791      40696712
:^o            623931759      83965888       735053603      897938039
:-9            251857783      510886718      323624274      538272694
